23 184 50 2.500000
881
29
535
741
35
231
11
76
997
301
630
657
237
965
422
697
135
958
3
786
758
490
446
913
284
982
307
717
565
409
476
875
151
459
385
187
581
241
93
650
180
734
234
714
485
484
815
592
61
59
153
628
921
761
712
262
782
179
900
127
719
234
576
694
488
170
261
196
139
639
417
970
729
913
170
233
676
497
910
210
346
732
701
551
564
808
769
345
768
685
380
660
316
686
387
760
932
231
138
338
733
169
640
26
307
645
972
30
784
429
16
271
94
409
701
41
807
464
312
497
587
53
283
739
738
660
415
754
258
973
152
91
811
521
265
803
241
762
642
368
442
416
63
486
753
81
907
876
890
200
349
190
390
626
2
236
562
461
707
258
979
50
136
689
173
716
804
422
436
585
803
497
866
161
218
9
202
533
695
975
636
665
664
192
Rendel 5 696 239 947 32 855 
Ujrameretez 29
Hozzaad 24 275 202 957 82 833 228 994 544 112 159 849 730 215 59 268 439 241 295 379 890 335 560 813 381 
Hozzaad 7 726 764 152 942 738 979 280 
Hozzaad 17 234 54 225 892 112 125 547 999 158 689 978 351 677 564 697 501 666 
UjTelitettseg 0.114038
Rendel 5 499 108 767 649 102 
Hozzaad 10 606 514 312 179 476 700 234 672 987 896 
Ujrameretez 76
UjTelitettseg 2.775217
Keres 568
Ujrameretez 95
Rendel 6 516 837 639 341 708 571 
Ujrameretez 120
Ujrameretez 2
Hozzaad 4 65 297 265 986 
Hozzaad 3 737 2 491 
Keres 562
Rendel 8 399 273 98 660 955 598 451 477 
Keres 592
Rendel 7 931 726 651 524 66 658 294 
UjTelitettseg 2.361768
Hozzaad 17 708 699 1 328 457 147 702 424 77 111 93 486 111 593 854 630 111 
Hozzaad 1 623 
Keres 17
Rendel 21 102 233 568 54 26 545 435 340 173 600 366 283 889 168 4 659 62 794 712 815 627 
Hozzaad 4 599 643 492 115 
Keres 907
Keres 467
Hozzaad 17 946 706 914 918 45 189 777 167 560 321 643 504 209 684 204 771 266 
Hozzaad 24 168 546 316 962 389 453 517 282 88 486 276 650 506 924 496 867 694 410 232 826 738 468 307 353 
Ujrameretez 67
Rendel 18 411 400 462 602 38 448 462 493 140 254 992 570 224 125 452 220 747 887 
Keres 790
Hozzaad 8 553 191 299 442 173 114 481 406 
Keres 911
Rendel 2 978 948 
Hozzaad 22 240 713 869 574 652 90 468 899 218 539 948 897 614 572 509 825 220 622 29 832 751 661 
Keres 24
Hozzaad 19 100 717 539 786 543 618 989 948 740 669 888 335 924 889 626 35 146 131 690 
UjTelitettseg 2.292527
Hibas 18
Keres 27
Rendel 23 262 122 404 869 73 281 968 891 778 248 708 259 476 699 207 454 319 675 990 325 875 218 729 
Ujrameretez 127
Rendel 18 776 588 261 677 446 889 452 825 551 52 532 300 857 151 883 73 185 272 
