92 1795 315 2.500000
5222
330
8117
4749
9888
98
3991
2153
287
1643
3071
3770
2082
245
6493
4591
233
9740
9580
7125
3069
7181
4679
7613
3052
328
1755
926
2564
5927
382
3335
4818
1054
912
151
2235
8884
1857
1
6058
1601
3587
1210
1867
7976
1810
8069
9849
3415
3425
4753
4307
892
8055
833
2531
6922
5690
8124
6418
1421
4202
1462
6
3915
114
207
2846
5579
1274
7979
7712
6794
5296
3761
9632
7371
4888
3400
9572
2542
2513
2927
8309
6949
154
2299
2329
1235
1078
2054
1103
5190
6428
838
9290
9895
4801
5868
3218
1120
394
894
7319
4733
5549
9256
7303
4677
3479
4446
466
427
659
4549
1788
6800
4825
3123
3460
9483
6390
3347
7378
7612
9659
9085
3526
1853
1832
9222
9118
7466
1530
7236
3768
339
5010
8357
9
1631
7800
7057
3181
6707
7760
5356
5729
2916
2844
1936
6524
8057
1714
8235
7509
7316
3423
277
1457
4515
4140
6885
9516
370
1152
244
9370
8707
423
98
7150
3761
2226
3527
1787
9505
9790
1149
8154
8793
4681
1052
4475
2454
7682
246
5262
1193
2481
2165
1412
8321
7975
9377
7650
1071
5431
4070
8791
1270
9077
6341
6862
4850
829
5370
4406
506
503
8863
1983
8953
2202
4766
919
1113
2703
9580
5911
2689
7448
2789
6840
7281
4592
1746
9961
1834
228
7618
6277
5172
3267
6248
3249
9706
9074
3313
2580
9881
6962
9961
5482
8937
9734
1055
1818
4347
6800
2661
5158
3508
1404
5564
4610
1112
9631
7408
2697
1483
2801
3472
6733
9428
6905
114
7454
6931
4887
4532
7437
8596
9544
4277
4577
2548
2997
2645
5482
9875
2238
2586
1284
6379
4357
8660
2877
1408
5437
5380
2538
7097
8405
8969
7415
7694
1679
5530
1055
3378
3127
8187
5227
8867
9168
4474
2237
7376
5712
3177
5344
7290
7359
2513
232
2286
6012
9460
8752
9937
1505
9204
436
4013
5384
2355
699
1036
9822
1226
5434
2466
2807
7118
85
9247
66
8815
4630
4805
4686
1043
5491
9128
3821
5667
7756
8772
232
1796
626
4803
9572
6329
6078
1358
7315
3863
1313
7923
2413
7689
2407
7561
2641
3381
8498
5696
7015
2862
2196
8940
4728
1084
6829
9796
3824
873
38
6101
5042
8716
7548
9821
7452
1500
658
9285
7469
2941
4640
1470
5541
9311
8064
1359
8268
1016
2075
1581
870
542
9647
445
2036
4586
8148
8342
5646
2553
303
6635
3697
9717
9222
7911
6275
2291
8566
6201
511
8254
5649
6658
1373
548
9996
7581
9488
3279
7544
7679
263
1383
9358
3775
5276
2054
6129
1223
2577
2429
7743
2683
845
6277
6632
4938
2177
1880
4002
4307
8031
4912
1660
1418
5389
8688
1762
8203
1334
4339
1217
9405
9906
9441
747
6107
4504
5977
4268
5071
3985
6123
3054
5888
5294
6325
9722
8638
5676
9041
1600
6827
4087
4477
3417
2780
8077
3851
8427
6224
4693
3114
5597
4048
9520
2677
4732
3944
9470
2522
9485
2853
2548
1021
2899
3376
3853
7006
2483
1386
9534
9848
3031
5240
6894
492
1248
3489
1542
8989
3791
8436
5686
4973
7237
1840
440
3577
970
6511
6856
9840
8283
6018
4260
2874
983
6067
1953
1910
6797
199
9823
1508
3166
2050
1597
2948
5064
2624
127
5423
390
4353
7359
4501
578
4884
1779
2998
2316
2359
270
2533
2288
9582
120
5801
4211
5906
1954
3846
2430
5036
8693
8525
1150
6322
267
3823
8202
6673
2561
1767
5031
8349
4154
5496
5178
2692
5959
7396
5900
2761
3014
1648
8242
1504
5513
8452
8221
325
5913
4839
1502
7730
1610
1002
2095
9840
1904
1540
3583
5070
2578
5006
492
1984
5743
8208
5717
6650
414
524
3120
5549
5322
2984
8010
1616
2526
610
5693
6083
5581
8896
8487
1984
6277
4645
5385
948
7973
5435
2012
3580
1692
9421
5515
3379
420
2099
1997
1083
9728
4500
1345
2346
8817
3255
8576
5463
399
9355
2509
8197
6870
936
5744
7215
7551
2453
6371
9012
8561
7900
3884
918
263
426
8653
4445
1715
5851
8936
9426
2419
1510
1143
4728
7588
3924
2043
9389
613
7367
6051
7170
9853
7865
752
6407
6990
8562
1910
1659
6220
6703
246
7666
1961
735
1658
5352
4547
1823
1040
5284
6929
2104
2890
3601
2650
135
2869
8217
726
5694
2441
67
9833
8570
576
8255
541
4405
7595
4767
430
7132
7265
1816
5468
1427
2249
7289
6301
2663
3467
6908
1170
1364
162
3658
9179
1784
628
8644
1612
2680
2069
4975
738
2851
2936
6096
1921
9780
7752
6312
4832
5387
5158
1537
1080
877
5188
9706
2984
3627
3729
9952
9132
5505
806
9550
4815
6912
2785
9237
9151
9502
8527
8239
1728
8028
672
2369
5396
1784
981
1456
5529
2420
3101
1333
1331
8599
1201
8611
8604
259
7228
1944
889
806
8639
8019
8591
3845
9156
8741
3606
2934
9681
7227
588
2333
671
5227
5773
8649
9084
4684
2786
5631
4318
1419
7607
8632
5289
5500
3026
1783
6179
3357
1520
1917
8981
8529
2002
9056
1908
3308
4713
8121
2130
3098
7565
3214
1551
9157
9476
3136
8131
1511
1025
8869
2688
1116
4603
6152
2884
5659
6880
9407
3453
3767
4954
781
5888
7105
7936
3769
1099
961
6592
7504
8441
5269
2604
103
438
4360
2402
1907
164
166
7136
2428
4445
7151
2024
6399
6458
8171
3888
5251
7043
157
2894
7710
4920
8027
1746
5657
1903
7132
2836
3585
8223
6947
4271
1648
653
7372
2062
3387
4261
3748
2167
4125
939
9197
8421
213
7218
4834
3002
8955
61
6920
356
7544
7604
6598
175
1606
9081
7431
1420
2774
1516
6829
9137
177
2332
7672
3744
9905
2703
2535
4092
2689
8643
494
122
5730
5109
4008
101
1071
2435
5855
8436
1795
9741
1915
7967
7722
817
3799
2560
8773
936
170
9623
7234
6266
6612
8817
1084
6505
8903
585
6062
3613
9993
9535
2222
8811
7847
7993
9672
284
3403
3239
3735
3099
5793
2955
3787
2111
3895
2553
5352
1226
3251
6155
6348
2833
5721
3656
4915
8189
5181
3478
1406
8097
8518
9613
6257
5740
3988
878
8204
6545
7876
6948
7773
3718
2145
970
4339
8619
7245
3774
7414
5243
5072
7780
261
3063
8399
6253
3920
4545
3025
7065
5096
8390
4302
1083
2771
352
1098
957
404
9275
529
5060
8379
838
7602
2004
7593
2812
5249
6375
9927
740
6728
6010
2631
7573
2685
6841
4522
5566
2346
4268
2723
8677
217
9057
9533
7535
4398
6285
921
7184
1722
3613
90
5202
2589
7442
981
587
5020
1052
5154
5274
4803
9286
1864
2099
9564
7267
7673
2748
4081
3238
6329
8262
3774
5352
4373
3680
1835
150
1921
5800
1993
1961
1347
4596
1322
6667
3918
192
5
4582
2033
2376
4138
7439
2818
7497
9124
7155
5461
1859
189
6288
4401
1569
2662
3399
724
2220
679
7233
950
1309
2051
0
2348
7234
3504
4919
2270
6691
6598
4284
1259
8773
3365
2765
9563
2510
1628
3905
38
9098
887
9889
179
910
9209
9943
4851
7019
3690
7445
3071
2245
6179
8168
4431
5605
2632
2670
8348
1339
292
791
9128
3768
7675
7257
5389
8235
9212
6534
3620
475
2950
2977
583
5412
382
6734
5848
8981
4653
9322
9796
2266
4366
5755
8994
8165
3225
7321
3680
2210
9529
8046
3072
7098
2213
1529
31
8121
1421
6297
6791
2428
1411
8648
8981
2093
5021
1606
8413
9442
1144
1096
1852
7378
1247
9825
271
409
828
7663
1778
8030
1853
5001
2284
3
8683
1432
5209
6270
743
6067
2967
1206
9558
6927
6261
8623
7679
1238
73
2313
8994
3464
9185
1477
6092
7984
860
8267
9240
4953
7067
4344
7752
9456
2626
5227
2580
9739
3555
3602
3233
6490
5628
721
4470
7533
1455
9491
9244
9015
1188
6403
5060
5745
5418
3581
2813
1154
7891
4705
8822
4606
1489
120
9585
2524
8955
4250
4888
7852
2453
1695
660
5992
6623
7460
4252
1579
5580
7073
3547
5472
2181
5864
2757
2492
6159
2289
2731
3566
2395
1428
5421
1734
7901
1142
7120
3092
31
55
384
2402
8503
4475
3896
1845
5094
5577
8031
8176
1634
8864
6293
6153
4614
9744
8222
6880
3464
9624
4574
5533
9932
572
5910
5609
3911
6617
1998
3360
1911
8828
7636
4182
1985
991
6756
4632
1322
9030
3192
2292
9066
7482
593
9915
7342
9667
4151
85
4141
1659
1709
9606
4430
9616
3721
5200
808
2570
6035
1609
1785
1023
7931
6446
5163
8179
4928
7177
116
2212
910
1359
1005
5125
4200
8924
4821
4920
1495
9139
5911
5122
9377
9953
2649
3706
541
6402
9094
146
8454
1126
4143
1369
1886
8309
9517
9791
5973
6688
7418
9323
618
9738
5329
7418
2273
3127
4339
4601
2230
3539
5708
4629
5761
5750
4181
2256
779
2039
8491
1143
352
1279
6303
7793
5604
9648
208
3003
3163
2613
9238
4994
5540
8716
6368
6801
7381
1313
6016
1004
9357
5244
2453
1611
918
5022
1450
651
6474
1864
701
6945
232
7517
1187
9729
1750
3433
4378
1806
8873
6017
4415
8131
2691
6509
4896
3601
3964
7284
2805
698
9668
4838
4283
925
2312
3568
2480
1315
4083
2556
5574
6826
4007
295
7314
5343
2940
3399
8388
850
120
204
7388
6372
9039
8261
3675
6036
6637
6455
8792
8986
8210
2602
3012
1476
2046
501
5360
2640
9389
491
6013
9640
9460
8917
500
1540
9421
1906
5047
9901
4095
4556
5431
6094
3650
8813
1912
9136
1889
6482
7058
4374
1056
8511
9674
8358
9632
8243
3776
6217
1969
670
297
7668
4552
7696
4928
2264
5858
1011
3609
5543
5399
7307
5879
7945
1073
4397
5263
1358
3615
3870
123
2404
2534
6701
51
3483
9223
9764
4249
679
1351
8859
1460
7238
1883
9790
384
1891
6242
2465
852
554
7735
8928
1668
8541
2423
6475
1368
742
3120
5666
9500
7358
6299
1005
8073
3885
9611
8576
8900
8931
1926
3917
8981
8102
1460
3370
1179
9069
8357
6644
8927
8989
7752
5972
4102
465
8762
5137
7082
448
9115
9462
603
2250
5959
9414
5186
7250
9763
4269
9911
8770
5271
5465
4324
9596
2395
985
5529
1181
2709
9157
7505
3863
1202
1070
1781
3343
482
5702
175
5987
9417
3395
6146
8832
7219
2384
6520
852
520
9749
5068
3343
5057
8985
2633
8943
9514
1893
8946
7116
6360
2538
2708
2241
9548
1862
8905
2765
1768
4883
5934
6297
4786
4448
7208
7594
8503
8996
9186
4313
2898
2928
2218
3457
445
5188
1036
5720
9510
9733
9775
1730
7398
6254
7103
9075
7823
2068
Rendel 17 6756 6318 560 4360 621 7381 4932 3294 9258 6329 3976 681 9784 564 344 6959 1618 
Rendel 16 7391 954 3153 1958 4151 2168 1158 2474 4437 4002 8721 6913 60 1677 8882 7771 
Keres 1426
Rendel 21 6662 8261 87 898 7054 8706 9963 2960 434 9785 988 8877 8236 2588 6882 5040 9475 5270 572 5357 6286 
Hozzaad 21 5892 8332 5483 7300 2200 6195 187 3417 1875 7160 4239 5670 4712 3951 137 8972 4713 6434 9945 3881 346 
Ujrameretez 564
Rendel 11 1533 3399 1975 7664 9400 9018 4981 4972 3950 6456 1534 
Rendel 15 6221 2599 3077 5757 2481 8175 1090 4243 885 5984 4779 9015 5355 7746 1509 
Rendel 14 2433 2398 8431 435 8080 1595 1977 9775 4141 2514 1720 2826 2935 7321 
Hozzaad 16 1981 2142 4924 2067 4089 456 387 6237 1006 3470 3737 295 7934 7271 150 5049 
Keres 7153
Hozzaad 6 7453 3030 1802 581 4387 2476 
Hozzaad 21 855 6124 5439 1667 2884 9910 3103 332 5133 1378 5495 5050 750 3930 4895 68 1189 1750 6554 9829 1696 
UjTelitettseg 1.781403
Keres 7065
Ujrameretez 1111
Keres 4420
Hozzaad 15 4967 66 753 6757 1635 4517 3004 100 1650 2713 5031 9123 1848 9367 5523 
Rendel 12 1052 2476 4728 8447 8713 9163 2191 2601 5245 7163 5521 2602 
Hozzaad 10 2272 8478 5393 7444 7714 643 5235 540 756 9216 
Hozzaad 21 2129 7637 5821 155 3219 6196 495 1219 4633 209 5758 5640 8874 8455 8328 6636 5304 1083 3882 7321 5000 
Hozzaad 13 7762 2594 91 1400 8663 5476 4799 3209 7609 684 3068 4932 9295 
Rendel 13 9081 137 6305 6592 7038 8515 2440 8810 9059 2924 8128 1674 4681 
Hibas 2
Rendel 4 8001 9628 3475 7948 
Hozzaad 23 2296 2324 4413 7739 870 6708 4953 7721 2962 7793 4 6679 515 289 6613 8450 9642 1095 2180 2032 1840 1252 5502 
UjTelitettseg 3.106355
Keres 2347
Hozzaad 21 4344 5549 2786 834 1754 8700 9190 7081 2918 3408 2597 2697 4062 1182 100 5443 7774 9190 3488 9392 8378 
Hibas 81
Hozzaad 3 7686 6354 5379 
Rendel 20 1824 900 6722 3897 1313 5397 2597 3230 2806 3823 9232 6907 5636 1900 7306 1917 7248 5383 5663 9774 
Hozzaad 9 230 4892 587 4366 3267 2663 7648 8534 1870 
Keres 2186
Rendel 22 3695 7471 6202 6235 9725 9299 8224 1388 899 2076 8578 620 2809 7282 7655 4651 3397 7638 2971 3490 7947 8357 
Hibas 34
UjTelitettseg 0.708371
Hozzaad 17 9729 5102 8822 452 4344 6788 7623 2198 1183 2948 3491 5184 3408 2646 436 1852 9580 
Ujrameretez 1391
Keres 1058
Keres 1088
Hibas 82
UjTelitettseg 2.331138
Rendel 15 1486 4395 8248 7506 7541 4712 4396 1212 5817 967 4765 4030 6514 6143 4790 
Rendel 22 7641 6994 3068 3706 5036 3316 5262 8042 5627 8297 7402 7098 4466 5211 302 301 6365 2456 4340 1110 1226 7810 
Hozzaad 16 7231 9128 4272 1861 479 4436 2072 2510 8985 9558 2003 6080 3041 9618 17 1121 
UjTelitettseg 0.851342
Rendel 16 9926 7326 546 5137 5774 6586 5136 7595 9508 5456 3668 6034 1577 5231 8573 8260 
Keres 6724
Ujrameretez 416
Keres 9504
Ujrameretez 540
Rendel 16 2531 4236 3217 321 3175 7442 4856 5637 695 7539 9574 9670 1614 649 1247 7693 
Keres 2678
Keres 2234
Rendel 23 7316 8781 3060 3676 507 3241 6273 4983 3913 3957 9820 1139 5980 5509 4446 1959 8752 9225 1700 8379 1645 2724 1686 
Rendel 17 4944 9175 7177 5329 2977 1165 39 2202 8871 6769 7638 1213 9159 9128 872 6779 1147 
Rendel 20 3465 6324 4525 582 7234 483 4016 8332 1517 80 902 8405 1539 8153 1204 5231 2284 78 2700 1843 
Ujrameretez 1451
Keres 7115
Keres 921
Keres 661
Keres 6435
Hozzaad 1 626 
Hozzaad 24 2713 8234 1835 1834 2727 9411 4148 992 797 4998 4686 8670 1427 5995 3741 4326 7597 7281 4981 7179 5046 177 1407 5604 
Keres 5103
Keres 60
Hozzaad 20 1561 926 7700 4882 8548 7887 9484 4648 4365 5836 9942 4533 8576 982 8126 1180 3939 1051 1387 1173 
Rendel 3 9574 8306 8788 
Keres 4417
Keres 4737
Rendel 22 2758 7584 9471 909 9091 8049 2548 2434 5879 3945 1184 9030 319 7618 1664 7621 9177 3173 3963 1817 2309 9819 
Rendel 5 7585 6928 5758 6003 2277 
Hozzaad 7 2346 1516 6456 8783 2811 8261 6333 
Ujrameretez 1371
Rendel 23 293 2645 7421 2043 7139 529 9721 7036 1084 4080 6074 6028 417 5937 2166 4330 5094 9065 8959 4621 1221 8198 7321 
Keres 4389
Keres 1295
Rendel 11 2373 579 8871 2497 2044 9637 1412 759 7752 2133 7456 
Rendel 14 9356 6871 2607 2092 1320 4139 9897 2122 295 8037 1245 9507 9287 2425 
Hozzaad 9 1725 606 2898 4287 507 4911 241 9503 5236 
Keres 1107
Hozzaad 22 3399 2425 3315 2596 4952 2933 1137 2443 1170 6526 422 3816 6450 6311 4412 3730 1459 4754 8254 4865 8464 3921 
Rendel 9 724 1389 3829 5124 3252 1627 5442 7628 2896 
Keres 10
Rendel 4 6663 8897 4294 924 
Hozzaad 12 6125 636 7584 1836 9468 1364 9203 4387 6185 3865 5566 8401 
Keres 9705
Ujrameretez 1403
Hozzaad 19 577 8277 4139 9063 7743 6945 3021 9760 4227 8869 4127 5102 3257 6432 2021 6488 3277 446 3467 
Hozzaad 11 8634 2466 7604 1327 9859 6344 2235 8464 4194 8358 8206 
Hibas 3
Ujrameretez 811
Keres 6722
Ujrameretez 223
Ujrameretez 100
Hibas 75
Keres 3974
Hozzaad 14 3850 673 7241 2743 816 1439 7393 1993 4291 9937 790 1628 534 3409 
Keres 6874
Rendel 15 296 3017 9518 1989 3119 8164 1292 5738 4814 5019 7863 1895 284 4442 6782 
Keres 653
Keres 9223
Keres 6289
Keres 9969
Hozzaad 17 597 8887 447 605 1762 4568 9580 4938 927 2340 8113 3288 6763 7354 9338 4708 8950 
Hibas 76
Hozzaad 13 6841 6879 1246 575 5313 8631 4081 1760 3995 1940 221 4011 6501 
Hozzaad 5 5368 5246 6927 3488 7023 
Hozzaad 12 8573 4329 7694 1813 9328 9853 4442 2267 5870 3742 6871 8497 
Hozzaad 3 5293 6036 5417 
Keres 7619
Keres 665
Rendel 10 8485 5153 1520 748 4464 8040 8902 6358 1787 5182 
Ujrameretez 1188
Hozzaad 17 1553 1452 1560 2586 787 4894 1801 5394 7594 2378 1618 116 6912 5794 1609 4042 1079 
Keres 6657
Ujrameretez 564
Rendel 11 2582 7727 3162 7348 1461 6770 6383 5706 5285 9728 9612 
Hozzaad 0 
Ujrameretez 86
Hibas 51
UjTelitettseg 2.263694
Hozzaad 13 2314 4158 1910 4339 1467 8185 8395 2437 6025 7636 2432 2962 3729 
Keres 5113
Hibas 34
Rendel 13 2771 6401 370 5249 7647 6951 7417 5176 713 8570 8634 7887 7567 
Hozzaad 9 9701 1623 814 1509 4361 7251 7574 9864 8878 
Hibas 71
Rendel 21 8806 8113 2236 820 2866 8995 9535 9708 2150 536 1920 1340 2989 8989 9750 1072 7030 1411 541 2655 6474 
Ujrameretez 553
Keres 6989
Ujrameretez 277
Keres 7779
Hozzaad 7 7116 5109 3593 1089 3614 3220 1499 
Rendel 17 3405 9560 8557 9601 9022 2455 1083 9986 9528 2244 455 6444 8997 2224 6154 9409 3276 
Keres 5019
Rendel 21 1978 5334 5402 2564 965 6090 1871 2530 7712 4018 8266 894 6543 4118 2239 165 9713 4130 8334 3837 6237 
Rendel 4 4784 6350 4898 1531 
Keres 7629
UjTelitettseg 0.982540
Hibas 86
Keres 3702
Hozzaad 24 5405 4367 3284 59 8743 6060 3198 5619 997 5806 7722 8434 4068 4940 1676 263 8248 6109 3218 1782 3054 3736 103 2595 
Hozzaad 3 7669 62 7027 
Keres 9324
Rendel 8 2454 1760 6194 3988 3863 1847 3166 4416 
Rendel 24 7682 824 9284 8333 4504 1967 850 4708 5488 5143 8961 8164 5172 1372 7033 7721 8305 1839 7608 277 7443 9798 5147 2497 
Rendel 5 7169 241 7175 2433 6237 
Hozzaad 4 773 7661 4809 7994 
UjTelitettseg 1.412152
Hibas 27
Ujrameretez 1031
Rendel 6 9742 4956 4015 3695 4200 8573 
Hozzaad 23 9211 8503 1053 2330 2391 9363 1955 7879 3167 9887 4776 6337 6741 7024 3976 4773 963 9212 2534 8535 7596 1352 4946 
Hibas 57
Hibas 10
Keres 1544
Keres 941
Hozzaad 22 7314 4013 6746 3149 3413 2438 4357 8642 2497 707 6815 767 3909 6113 7727 6303 2418 7574 1988 2008 2756 100 
Ujrameretez 706
Hozzaad 17 7758 518 4169 1210 8791 4237 2340 1752 6550 4090 8479 1778 6233 2642 7067 2612 8269 
Rendel 8 3373 4754 6195 1666 9238 1938 8449 5661 
Hibas 12
Hozzaad 10 5864 1054 9754 4880 2878 1826 3947 8612 7367 6809 
Hibas 24
Hozzaad 19 7319 2567 9009 4402 1 8597 851 2598 6901 3589 5822 2762 6445 5833 2582 221 642 7099 3300 
Rendel 2 1216 8108 
Hozzaad 24 3976 2030 4073 2722 8468 425 5003 1141 6918 2601 7839 2748 3009 4751 9091 1109 8532 7510 9698 6950 6132 3481 8927 6569 
Hibas 44
Hozzaad 3 6443 3081 402 
Keres 4205
Hozzaad 15 8775 9099 7008 816 1270 6145 811 252 6208 6589 4439 2275 9907 1942 2371 
Hozzaad 5 4461 9690 472 1216 3698 
Rendel 17 7026 3690 1896 2431 824 575 8305 2628 5349 2905 3252 718 8220 2108 4447 738 4710 
Rendel 20 1519 818 6458 8204 421 2332 2817 9100 429 3808 5312 9958 9925 8241 3525 3810 427 1349 3095 8959 
Keres 4035
Rendel 0 
Rendel 19 3613 3786 7447 5606 5046 3933 3463 4167 1401 193 6529 7654 4374 1767 1938 6184 1200 6569 717 
Keres 287
Ujrameretez 1038
Rendel 22 7005 3834 9783 4244 389 3626 5584 6557 4540 2714 499 6747 2598 2957 1318 338 1177 2867 439 1010 654 1454 
Hibas 33
Hozzaad 21 4881 9016 2815 1898 8486 3915 6173 1154 5783 2751 8029 9314 5016 3512 7727 1752 9168 160 7634 970 2158 
Hozzaad 10 7306 8713 7335 298 9227 4780 1807 9474 6563 7490 
Hozzaad 0 
Hozzaad 6 7865 3685 1505 4654 135 1038 
UjTelitettseg 2.158236
Hozzaad 15 2136 3238 6908 2360 198 9559 104 619 3213 7798 7277 7107 1457 743 7299 
Hibas 84
Ujrameretez 1042
Hozzaad 6 7208 3709 3346 4755 2277 6576 
Rendel 3 3690 4220 7155 
Hibas 67
Ujrameretez 94
UjTelitettseg 0.268682
Rendel 22 9093 7596 1760 1530 5213 6262 7843 6691 9663 6019 508 8468 8708 6190 5533 9771 7758 6815 6075 9369 9230 691 
Ujrameretez 432
Keres 2761
Hibas 78
Keres 7311
Hozzaad 23 7311 5116 906 7691 8246 3950 3596 9264 1885 2456 969 7790 4564 9972 797 8517 8648 9759 6935 6438 5860 6485 1792 
Hozzaad 9 9274 2141 4281 378 4572 7159 6866 4938 5029 
Keres 8143
Rendel 15 5146 2381 2510 1887 588 7524 1680 5699 6260 9191 184 5484 8059 7337 5434 
Rendel 19 979 8879 3939 2303 8132 6216 5381 861 7272 545 5360 2325 7643 1475 3858 8999 1952 4764 66 
Keres 5821
UjTelitettseg 3.242243
UjTelitettseg 1.707473
Rendel 19 4321 7338 8630 7849 5355 9768 5494 8074 7476 8198 736 1555 5944 2194 473 4195 7110 9210 1958 
Rendel 2 2993 2414 
Keres 8088
Hozzaad 7 7639 1499 3941 3867 9260 7631 9968 
Rendel 24 5723 6464 5286 7528 8932 552 3913 4124 6430 3912 9916 2455 2484 2418 1580 2493 7993 9001 5309 3673 8512 6907 8486 5918 
Keres 4273
Ujrameretez 956
UjTelitettseg 2.971166
Hozzaad 5 669 2194 4757 9286 9446 
Hozzaad 1 8874 
Rendel 11 1841 2197 8774 9563 3342 7884 8975 9808 3840 7532 7023 
Hozzaad 16 5805 4960 4581 2663 7649 4581 2349 3176 4145 3769 8263 957 394 3299 9834 2479 
Ujrameretez 757
Keres 9760
Hibas 45
Hozzaad 10 4481 2243 2653 8943 9771 9500 7815 1552 523 3095 
Keres 1358
Keres 2958
Hozzaad 5 2632 8183 614 4246 3502 
Keres 4027
Keres 913
Hozzaad 6 3266 826 3385 9347 7780 980 
Hozzaad 9 7634 3069 3329 7498 7700 1442 9509 5288 1276 
Hozzaad 19 9792 747 8881 6654 2600 9990 4088 1822 5035 1978 2011 2188 4160 2494 2451 2650 1 2792 2525 
Rendel 16 4706 8475 7396 4465 5230 217 1267 134 8360 9730 1025 939 1675 7108 8120 2213 
Hozzaad 16 1500 6818 1186 2905 2293 7086 8124 2725 255 625 4615 9012 9185 8635 1030 1563 
Hibas 39
Keres 6648
Keres 6621
Hibas 55
UjTelitettseg 2.286940
Keres 1817
Ujrameretez 61
Hozzaad 14 1594 8859 4387 7145 696 4149 7863 4050 1402 8121 1249 8924 3587 5255 
Hozzaad 18 6393 5378 2519 2351 9956 1147 914 2520 6439 4322 8424 928 2253 6218 8002 8879 9832 3469 
Ujrameretez 1378
Hozzaad 14 6915 7849 6309 2343 4796 8829 1289 4876 4932 2646 5067 476 1597 1404 
Keres 1458
Hozzaad 9 8746 9641 7098 1902 170 8764 5481 6773 5799 
Hibas 23
Keres 8561
Hozzaad 23 7578 8776 6126 3836 7893 2397 4366 1269 3984 8075 1333 9098 2276 2616 3237 9042 7050 7670 1685 2367 7920 1358 5855 
Hozzaad 24 2029 665 6575 97 9724 3270 2710 8464 309 9229 6768 1424 6402 7018 1146 5329 5351 1156 863 1485 8819 127 1792 656 
Hozzaad 7 8553 2234 2009 4364 4114 5858 3099 
Hozzaad 13 5182 5597 6155 479 5060 1778 7267 7314 8788 929 6350 9541 1945 
Rendel 16 1382 2045 1629 5807 1587 9736 7306 4582 7246 6500 1848 4472 3599 4275 513 6267 
UjTelitettseg 1.354984
Hozzaad 8 9775 5126 5627 8402 9226 6972 2457 8085 
Hozzaad 2 4561 6984 
UjTelitettseg 0.621870
Keres 5660
Hozzaad 15 4156 1732 1159 1979 202 3596 6971 2091 1935 523 3009 3198 5485 6747 894 
Rendel 15 2169 700 1618 6547 3448 4765 497 2957 9643 2332 1865 4416 2483 4919 7623 
Ujrameretez 377
Hozzaad 0 
Keres 5693
Hozzaad 15 4557 5346 488 8937 1912 7319 3383 7181 734 5043 1402 1667 1911 9374 6097 
Keres 2582
Hozzaad 1 8081 
Rendel 8 988 2661 1273 5622 7958 6765 8915 5713 
Keres 601
Keres 6029
Hibas 18
UjTelitettseg 2.928065
Hozzaad 12 6394 9093 5694 2371 8010 6229 2272 3030 7506 2757 4410 2852 
Ujrameretez 1234
Keres 7369
Rendel 17 8078 9470 6079 925 450 4593 751 5018 248 5312 949 4204 6816 1285 3316 237 2229 
UjTelitettseg 1.726429
Keres 3752
Hozzaad 4 9422 266 1487 440 
Keres 6014
UjTelitettseg 0.706276
Rendel 4 2987 6410 2155 3981 
Keres 1758
Rendel 11 986 4646 8808 658 1075 3077 7472 3271 2414 6377 1347 
Rendel 4 2875 6214 7806 2715 
Rendel 23 2538 8613 9411 299 3116 2010 3388 2691 155 1610 6642 6460 8267 8970 3640 9775 6322 1414 1893 2040 7755 7306 70 
Hibas 67
Keres 4393
Keres 816
UjTelitettseg 1.780605
Keres 2184
UjTelitettseg 1.173401
Rendel 7 8750 9979 2054 9117 5043 5392 1771 
Hozzaad 12 5113 4136 2902 3387 1260 6379 4420 2551 4279 9726 901 1735 
Rendel 22 9221 6615 7410 2656 7512 1993 5733 4198 289 8023 5629 277 6195 5080 3895 3571 1143 130 2527 1948 8493 8592 
Rendel 15 708 8688 5446 320 2573 1843 219 3939 1916 544 873 6413 1540 1627 1378 
